Test Case 1
{
  "matrix": [
    [0, -1, -3, 2, 0],
    [1, -2, -5, -1, -3],
    [3, 0, 0, -4, -1]
  ]
}
Test Case 2
{
  "matrix": [
    [1]
  ]
}
Test Case 3
{
  "matrix": [
    [1, 0, 0, -2, -3],
    [-4, -5, -6, -2, -1],
    [0, 0, 0, 0, -1],
    [1, 2, 3, 0, -2]
  ]
}
Test Case 4
{
  "matrix": [
    [1, 0, 0, -2, -3],
    [-4, -5, -6, -2, -1],
    [0, 0, 0, 0, -1],
    [1, 2, 3, 0, 3]
  ]
}
Test Case 5
{
  "matrix": [
    [1, 0, 0, -2, -3],
    [-4, -5, -6, -2, -1],
    [0, 0, 0, 0, -1],
    [-1, 0, 3, 0, 3]
  ]
}
Test Case 6
{
  "matrix": [
    [-1]
  ]
}
Test Case 7
{
  "matrix": [
    [1, 2, 3],
    [4, 5, 6]
  ]
}
Test Case 8
{
  "matrix": [
    [-1, -9, 0, -1, 0],
    [-9, -4, -5, 4, -8],
    [2, 0, 0, -3, 0],
    [0, -17, -4, 2, -5]
  ]
}
Test Case 9
{
  "matrix": [
    [-2, -3, -4, -1, -9],
    [-4, -3, -4, -1, -2],
    [-6, -7, -2, -1, -1],
    [0, 0, 0, 0, -3],
    [1, -2, -3, -6, -1]
  ]
}
Test Case 10
{
  "matrix": [
    [-1, 2, 3],
    [4, 5, 6]
  ]
}
Test Case 11
{
  "matrix": [
    [-1, 2, 3],
    [4, -5, -6]
  ]
}
Test Case 12
{
  "matrix": [
    [-1, 0, 3],
    [0, -5, -6]
  ]
}
Test Case 13
{
  "matrix": [
    [-1, 0, 3],
    [0, -5, -6]
  ]
}
Test Case 14
{
  "matrix": [
    [0, 0, -1, -2],
    [-2, -3, 4, -1],
    [-2, -3, 1, -3],
    [-14, -15, 2, 0],
    [0, 0, 0, 0],
    [1, -1, -1, -1]
  ]
}
Test Case 15
{
  "matrix": [
    [0, 0, -1, -2],
    [-2, -3, 4, -1],
    [-2, -3, 1, -3],
    [-14, -15, 2, 0],
    [0, 0, 0, 0],
    [1, -1, -1, 1]
  ]
}
Test Case 16
{
  "matrix": [
    [-2, 0, -2, 1],
    [-2, -1, -1, -1]
  ]
}