Test Case 1
{
  "matrix": [
    [1, 0, 0, 0, 0, 0],
    [0, 1, 0, 1, 1, 1],
    [0, 0, 1, 0, 1, 0],
    [1, 1, 0, 0, 1, 0],
    [1, 0, 1, 1, 0, 0],
    [1, 0, 0, 0, 0, 1]
  ]
}
Test Case 2
{
  "matrix": [
    [1, 0, 0, 0, 1],
    [0, 1, 0, 1, 0],
    [0, 0, 1, 0, 0],
    [0, 1, 0, 1, 0],
    [1, 0, 0, 0, 1]
  ]
}
Test Case 3
{
  "matrix": [
    [1, 0, 0, 1, 0],
    [0, 1, 0, 1, 0],
    [0, 0, 1, 1, 0]
  ]
}
Test Case 4
{
  "matrix": [
    [1, 1, 1, 1, 1],
    [1, 0, 0, 0, 1],
    [1, 0, 1, 0, 1],
    [1, 0, 0, 0, 1],
    [1, 0, 1, 0, 1],
    [1, 0, 1, 0, 1],
    [1, 0, 1, 1, 1],
    [1, 0, 1, 0, 1]
  ]
}
Test Case 5
{
  "matrix": [
    [0, 0, 0, 0, 0],
    [0, 1, 1, 1, 0],
    [0, 1, 1, 1, 0],
    [0, 1, 1, 1, 0],
    [0, 0, 0, 0, 0]
  ]
}
Test Case 6
{
  "matrix": [
    [1, 1, 1, 1, 1],
    [1, 1, 1, 1, 1],
    [1, 1, 1, 1, 1],
    [1, 1, 1, 1, 1],
    [1, 1, 1, 1, 1]
  ]
}
Test Case 7
{
  "matrix": [
    [1]
  ]
}
Test Case 8
{
  "matrix": [
    [1, 0, 0, 0, 1, 0, 0, 0],
    [1, 0, 1, 0, 1, 0, 1, 0],
    [1, 1, 0, 1, 0, 0, 1, 0],
    [1, 1, 0, 1, 1, 0, 1, 0],
    [1, 0, 0, 0, 1, 0, 0, 0]
  ]
}
Test Case 9
{
  "matrix": [
    [1, 1, 1, 1, 1],
    [1, 0, 0, 0, 1],
    [1, 0, 1, 0, 1],
    [1, 0, 0, 0, 1],
    [1, 1, 1, 1, 1]
  ]
}
Test Case 10
{
  "matrix": [
    [1, 0, 1, 0, 1],
    [0, 0, 1, 0, 0],
    [1, 1, 0, 1, 1],
    [0, 0, 1, 0, 0],
    [1, 0, 1, 0, 1]
  ]
}
Test Case 11
{
  "matrix": [
    [0, 0, 0, 0, 0],
    [0, 0, 1, 0, 0],
    [0, 1, 1, 1, 0],
    [0, 0, 1, 0, 0],
    [0, 0, 0, 0, 0]
  ]
}
Test Case 12
{
  "matrix": [
    [1, 0, 1, 0, 1, 0],
    [0, 1, 0, 1, 0, 1],
    [1, 0, 1, 0, 1, 0],
    [0, 1, 0, 1, 0, 1],
    [1, 0, 1, 0, 1, 0],
    [0, 1, 0, 1, 0, 1]
  ]
}
Test Case 13
{
  "matrix": [
    [1, 0, 1, 1, 1, 0],
    [1, 1, 0, 1, 0, 1],
    [1, 0, 1, 0, 1, 0],
    [0, 1, 0, 1, 0, 1],
    [1, 0, 1, 0, 1, 0],
    [0, 1, 1, 1, 0, 1]
  ]
}
Test Case 14
{
  "matrix": [
    [0, 1, 0],
    [0, 1, 0],
    [1, 0, 0]
  ]
}
Test Case 15
{
  "matrix": [
    [1, 1],
    [1, 1]
  ]
}
Test Case 16
{
  "matrix": [
    [0, 0, 0, 0, 0, 0, 0, 0, 0, 0, 0, 0],
    [0, 0, 0, 0, 0, 0, 0, 0, 0, 0, 0, 1],
    [0, 0, 0, 0, 0, 0, 0, 0, 0, 0, 0, 0],
    [0, 0, 0, 0, 0, 0, 0, 0, 0, 0, 0, 0],
    [0, 0, 0, 0, 0, 0, 0, 0, 0, 0, 0, 0],
    [0, 0, 0, 0, 0, 0, 0, 0, 0, 0, 0, 0],
    [0, 0, 0, 0, 0, 0, 0, 0, 0, 0, 0, 0],
    [0, 0, 0, 0, 0, 0, 0, 0, 0, 0, 0, 0],
    [0, 0, 0, 0, 0, 0, 0, 0, 0, 0, 0, 0],
    [0, 0, 0, 0, 0, 0, 0, 0, 0, 0, 0, 0],
    [0, 0, 0, 0, 0, 0, 0, 0, 0, 0, 0, 0],
    [0, 1, 0, 0, 0, 0, 0, 0, 0, 0, 0, 0],
    [0, 0, 0, 0, 0, 0, 0, 0, 0, 0, 0, 0]
  ]
}